09
0A
14
1E
28
32
46
50
62
64
65
66
67
68
69
70
71
72
73
74
75
76
77
78
79
80
81
82
83
84
85
86
87


普通公共交通卡
纪念卡类（包括纪念卡、礼品卡和广告卡）
优惠卡类
VIP记名卡类
地铁兼容类卡（其中28h专用地铁员工卡、29h通用地铁员工卡，30h儿童卡、31h老人卡）
员工卡类
专用卡类
外省市卡类
测试卡类
单程票1
单程票2
优惠票1
优惠票2
应急票1
应急票2
保留
保留
往返票1
往返票2
月票1
月票2
周票1
周票2
计次票1
计次票2
纪念票1
纪念票2
公务票1（多进多出）
公务票2（一进一出）
保留
保留
测试票1
测试票2












1
1
1
1
1
1
1
1
1
1
1
1
1
1
1
1
1
1
1
1
1
1
1
1
1
1
1
1
1
1
1
1
1







9
10
20
30
40
50
70
80
98
100
101
102
103
104
105
112
113
114
115
116
117
118
119
120
121
128
129
130
131
132
133
134
135